1008
-374
1010
-382
1010
-392
1012
-400
1012
-410
1014
-420
1014
-428
1016
-438
1016
-446
1018
-456
1018
-466
1018
-476
1020
-486
1018
-494
1022
-504
1022
-514
1024
-522
1026
-532
1026
-542
1028
-550
1030
-560
1032
-570
1032
-580
878
-590
802
-596
672
-612
622
-614
576
-620
414
-636
374
-640
318
-642
90
-668
216
-934
224
-924
230
-914
234
-900
240
-894
242
-884
254
-862
262
-844
270
-828
278
-818
280
-808
284
-796
290
-786
292
-776
296
-768
300
-760
304
-748
312
-728
326
-698
376
-30
374
-38
374
-48
376
-60
376
-74
376
-86
382
-96
382
-106
386
-116
388
-134
388
-146
388
-156
394
-172
394
-182
396
-190
396
-200
396
-210
400
-220
398
-226
402
-258
1226
-322
